DATASET :  ERR005143  ORGANISM :  P. syringae pv. syringae B728a
QUICK STATS
gain	base error rate pre	read error rate pre	base error rate post	read error rate post	sensitivity	specificity	TP	FP	TN	FN
95.67439	0.51613	16.15121	0.02233	0.45856	97.58	99.99	1128921	22085	224146014	27957

STATISTICS
total read count     6226215		(excludes unmapped reads)
unmapped pre count   876051
ignored pre count    0

gain                 95.6744

base error rate pre  0.516132
read error rate pre  16.1512
base error rate post 0.0223262
read error rate post 0.458561

sensitivity          97.5834
specificity          99.9901

true positives       1128921
false positives      22085
true negatives       224146014
false negatives      27957


CORRECTION HISTOGRAM

E.g. a value of 2 means 2 errors corrected, a value of -2 means two errors introduced.

diff	count		percentage of reads
-11	           1	 0.00
-10	          11	 0.00
 -9	          27	 0.00
 -8	          67	 0.00
 -7	         112	 0.00
 -6	         234	 0.00
 -5	         307	 0.00
 -4	         537	 0.01
 -3	         647	 0.01
 -2	        1553	 0.02
 -1	        3170	 0.05
  0	     5235177	84.08
  1	      862280	13.85
  2	      108974	 1.75
  3	       11186	 0.18
  4	        1632	 0.03
  5	         290	 0.00
  6	          10	 0.00


PRE-CORRECTION DISTRIBUTION

Distribution of errors before correction

error rate	count		percentage of reads
  0	     5220606	83.85
  3	      873886	14.04
  6	      115230	 1.85
  9	       13837	 0.22
 12	        2272	 0.04
 14	         371	 0.01
 17	          13	 0.00


PRE/POST-CORRECTION POSITIONAL ERROR DISTRIBUTION

position	pre-mis	pre-del	pre-ins	pre-bases	post-mis	post-del	post-ins	post-bases
  0	       13920	           3	           0	     6226215	         889	           5	           0	     6226215
  1	        5806	         523	           0	     6226215	         765	          69	           0	     6226215
  2	        5562	         523	          94	     6226215	         731	          74	          22	     6226215
  3	        5175	         448	         128	     6226215	         699	          76	          24	     6226215
  4	        4901	         372	         135	     6226215	         618	          71	          11	     6226215
  5	        4403	         171	         115	     6226215	         638	          47	          15	     6226215
  6	        3749	           0	         122	     6226215	         599	          43	          20	     6226215
  7	        3754	           0	           0	     6226215	         596	          36	          10	     6226215
  8	        3874	           0	           0	     6226215	         624	          39	          20	     6226215
  9	        3905	           0	           0	     6226215	         629	          28	          14	     6226215
 10	        4066	           0	           0	     6226215	         601	          34	           5	     6226215
 11	        4096	           0	           0	     6226215	         638	          34	           6	     6226215
 12	        6517	           0	           0	     6226215	         595	          22	           6	     6226215
 13	        6798	           0	           0	     6226215	         577	          25	           8	     6226215
 14	        7961	           0	           0	     6226215	         552	          17	           9	     6226215
 15	        7830	           0	           0	     6226215	         488	          22	          10	     6226215
 16	        7869	           0	           0	     6226215	         420	          13	           9	     6226215
 17	           0	           0	           0	     6226215	         358	           5	           3	     6226215
 18	           0	           0	           0	     6226215	         357	          10	           4	     6226215
 19	       11966	           0	           0	     6226215	         243	           8	           3	     6226215
 20	       13030	           0	           0	     6226215	         388	          18	          12	     6226215
 21	       14307	           0	           1	     6226215	         348	          42	           3	     6226215
 22	       17497	           1	           1	     6226215	         412	           5	           4	     6226215
 23	       19117	           0	           3	     6226215	         488	          10	           1	     6226215
 24	       22828	           2	           1	     6226215	         498	           6	           4	     6226215
 25	       26407	           2	           4	     6226215	         630	          20	          10	     6226215
 26	       32591	          23	           4	     6226215	         701	          13	          12	     6226215
 27	       36346	         112	          10	     6226215	         814	          32	           6	     6226215
 28	       42150	         673	          21	     6226215	         965	         137	          10	     6226215
 29	       50060	        1468	          89	     6226215	        1156	         198	          12	     6226215
 30	       85728	        2009	         227	     6226215	        3499	         165	          23	     6226215
 31	       92864	        2281	         219	     6226215	        4238	         175	          16	     6226215
 32	      104361	        2909	         266	     6226215	        4328	         130	          14	     6226215
 33	      122478	        2658	         366	     6226215	        5211	          73	          12	     6226214
 34	      136058	        2280	         468	     6226215	        5841	          53	           5	     6226165
 35	      210165	           7	           0	     6226215	        6753	          12	           0	     6221456
 36	           0	           0	           0	           0	          40	           0	           0	        1384
 37	           0	           0	           0	           0	           5	           0	           0	          29


CONFIGURATION

  GENOME             	PsyringaeB728a.fa
  SAM PRE            	beforeEC.bam
  SAM POST           	afterEC.sam
  FA/FQ POST         	
  INDELS             	YES
  PADDING            	5
  BANDWIDTH          	5
  MIN UNCLIPPED BASES	0
  MAX ERROR RATE     	0
  MAX ERROR COUNT    	-1

  NUM THREADS        	8
  CORRECTION LOG     	
  LOG ALL            	NO
  BANDWIDTH          	10

DATASET :  SRR492060  ORGANISM :  D. melanogaster
QUICK STATS
gain	base error rate pre	read error rate pre	base error rate post	read error rate post	sensitivity	specificity	TP	FP	TN	FN
28.02032	1.92590	51.47834	1.38630	39.10902	34.01	99.88	24631400	4339149	3764535802	47788381

STATISTICS
total read count     49477616		(excludes unmapped reads)
unmapped pre count   2250206
ignored pre count    0

gain                 28.0203

base error rate pre  1.9259
read error rate pre  51.4783
base error rate post 1.3863
read error rate post 39.109

sensitivity          34.012
specificity          99.8849

true positives       24631400
false positives      4339149
true negatives       3764535802
false negatives      47788381


CORRECTION HISTOGRAM

E.g. a value of 2 means 2 errors corrected, a value of -2 means two errors introduced.

diff	count		percentage of reads
-24	           2	 0.00
-23	           2	 0.00
-16	           2	 0.00
-12	          56	 0.00
-11	         107	 0.00
-10	         266	 0.00
 -9	         513	 0.00
 -8	        1019	 0.00
 -7	        2544	 0.01
 -6	        8536	 0.02
 -5	       13924	 0.03
 -4	       30888	 0.06
 -3	       58023	 0.12
 -2	      155888	 0.32
 -1	      499431	 1.01
  0	    38020161	76.84
  1	     6754034	13.65
  2	     1886038	 3.81
  3	      751029	 1.52
  4	      444552	 0.90
  5	      294592	 0.60
  6	      255526	 0.52
  7	      144154	 0.29
  8	       52104	 0.11
  9	       14513	 0.03
 10	        6345	 0.01
 11	        4488	 0.01
 12	        3251	 0.01
 13	        2955	 0.01
 14	        3653	 0.01
 15	        3095	 0.01
 16	        2832	 0.01
 17	        2295	 0.00
 18	        2059	 0.00
 19	        1693	 0.00
 20	        1692	 0.00
 21	        1416	 0.00
 22	        1401	 0.00
 23	        1316	 0.00
 24	         856	 0.00
 25	         869	 0.00
 26	        1051	 0.00
 27	        1177	 0.00
 28	        1005	 0.00
 29	        1027	 0.00
 30	        1286	 0.00
 31	        1519	 0.00
 32	        1957	 0.00
 33	        3289	 0.01
 34	        5226	 0.01
 35	        4044	 0.01
 36	        4459	 0.01
 37	        3974	 0.01
 38	        2509	 0.01
 39	        1767	 0.00
 40	        1005	 0.00
 41	        1112	 0.00
 42	        1322	 0.00
 43	        2770	 0.01
 44	        3642	 0.01
 45	        3127	 0.01
 46	        2228	 0.00


PRE-CORRECTION DISTRIBUTION

Distribution of errors before correction

error rate	count		percentage of reads
  0	    24007360	48.52
  2	    12125374	24.51
  3	     5405175	10.92
  4	     2605757	 5.27
  6	     1449492	 2.93
  7	      894413	 1.81
  8	      632206	 1.28
 10	      466599	 0.94
 11	      363258	 0.73
 12	      285490	 0.58
 14	      223811	 0.45
 15	      175630	 0.35
 16	      144183	 0.29
 18	      115008	 0.23
 19	       97677	 0.20
 20	       80970	 0.16
 22	       69587	 0.14
 23	       56147	 0.11
 24	       46545	 0.09
 25	       37966	 0.08
 27	       31976	 0.06
 28	       25672	 0.05
 29	       21139	 0.04
 31	       16521	 0.03
 32	       12574	 0.03
 33	        9264	 0.02
 35	        7453	 0.02
 36	        5700	 0.01
 37	        4420	 0.01
 39	        3552	 0.01
 40	        3046	 0.01
 41	        3032	 0.01
 43	        2403	 0.00
 44	        3468	 0.01
 45	        5959	 0.01
 47	        5014	 0.01
 48	        5220	 0.01
 49	        5171	 0.01
 50	        3602	 0.01
 52	        2454	 0.00
 53	        1464	 0.00
 54	        1101	 0.00
 56	         911	 0.00
 57	        2566	 0.01
 58	        4110	 0.01
 60	        3942	 0.01
 61	        3234	 0.01


PRE/POST-CORRECTION POSITIONAL ERROR DISTRIBUTION

position	pre-mis	pre-del	pre-ins	pre-bases	post-mis	post-del	post-ins	post-bases
  0	      809334	      138320	           0	    49477616	      687157	      144374	           0	    49477616
  1	      795557	      103726	           0	    49477616	      616571	      103327	           0	    49477616
  2	      928419	      104235	       12179	    49477616	      599111	      102649	       12352	    49477616
  3	      828950	      101915	       19678	    49477616	      577458	      100413	       20243	    49477616
  4	      595416	      101862	       24235	    49477616	      545658	      101280	       24810	    49477616
  5	      717177	      102250	       28141	    49477616	      537757	      101486	       28275	    49477616
  6	      566406	      102006	       31313	    49477616	      516936	      101199	       31248	    49477616
  7	      553795	      103461	       34290	    49477616	      506204	      102756	       34245	    49477616
  8	      546054	      102916	       37138	    49477616	      496396	      102217	       36835	    49477616
  9	      642519	      103035	       39074	    49477616	      490583	      102324	       38835	    49477616
 10	      517295	      103535	       42016	    49477616	      474574	      103135	       41804	    49477616
 11	      517653	      103577	       44711	    49477616	      469928	      103427	       44364	    49477616
 12	      501430	      105048	       47100	    49477616	      457607	      104877	       46773	    49477616
 13	      493753	      106115	       49566	    49477616	      450188	      106251	       49259	    49477616
 14	      490160	      106424	       52382	    49477616	      444421	      106758	       52051	    49477616
 15	      480651	      105974	       54429	    49477616	      435315	      106456	       53917	    49477616
 16	      473484	      106134	       57559	    49477616	      428996	      106724	       57161	    49477616
 17	      561122	      106571	       60973	    49477616	      432268	      107732	       60865	    49477616
 18	      468701	      106494	       62835	    49477616	      418786	      107417	       62880	    49477616
 19	      521838	      106595	       65962	    49477616	      420973	      107516	       65891	    49477616
 20	      474477	      106257	       68519	    49477616	      417113	      107410	       68691	    49477616
 21	      475902	      106108	       70449	    49477616	      410240	      107233	       70769	    49477616
 22	      481325	      105550	       73886	    49477616	      406308	      106741	       73775	    49477616
 23	      500372	      105705	       76380	    49477616	      406960	      106600	       76341	    49477616
 24	      723558	      106635	       78552	    49477616	      405585	      106450	       78705	    49477616
 25	      582198	      105070	       80733	    49477616	      399152	      105684	       81692	    49477616
 26	      531715	      104747	       83150	    49477616	      394697	      105585	       83351	    49477616
 27	      512955	      104543	       83515	    49477616	      389733	      105305	       84075	    49477616
 28	      505529	      104237	       86525	    49477616	      387247	      104766	       86880	    49477616
 29	      490229	      104820	       86360	    49477616	      385465	      104965	       86816	    49477616
 30	      485898	      105122	       88523	    49477616	      384826	      104476	       88700	    49477575
 31	      490269	      106451	       89321	    49477616	      384072	      105530	       88850	    49477535
 32	      768879	      107426	       89526	    49477616	      393412	      105155	       88949	    49477465
 33	      616928	      107274	       90201	    49477616	      389085	      105209	       89531	    49477429
 34	      766651	      108377	       89370	    49477616	      392265	      105643	       88924	    49477417
 35	      510454	      107510	       89400	    49477616	      385370	      105503	       89335	    49477406
 36	      518418	      109124	       89006	    49477616	      386266	      106873	       88983	    49477396
 37	      523928	      109398	       88904	    49477616	      386541	      106510	       88627	    49477375
 38	     1013025	      112902	       87909	    49477616	      410433	      107906	       86917	    49477337
 39	      546922	      111489	       86513	    49477616	      393363	      108192	       85523	    49477284
 40	      561697	      113882	       83556	    49477616	      397993	      110489	       83188	    49477261
 41	      578327	      116126	       82409	    49477616	      402470	      112247	       81981	    49477252
 42	      608313	      118178	       80258	    49477616	      407600	      113450	       79503	    49477251
 43	      628392	      119602	       79186	    49477616	      412966	      114746	       78265	    49477247
 44	      661843	      120154	       76328	    49477616	      423048	      114951	       75149	    49477246
 45	      707392	      122417	       75618	    49477616	      431264	      116559	       74167	    49477245
 46	      751943	      121768	       73240	    49477616	      439884	      116020	       71779	    49477242
 47	      779864	      123073	       70975	    49477616	      454000	      117310	       69465	    49477240
 48	      814940	      123071	       68967	    49477616	      462649	      117146	       66998	    49477236
 49	      845221	      122754	       67035	    49477616	      474378	      116406	       65249	    49477190
 50	      824308	      123064	       65246	    49477616	      481954	      116988	       62739	    49477075
 51	      792370	      123315	       63373	    49477616	      493447	      116729	       60892	    49477068
 52	      855675	      125388	       61229	    49477616	      509206	      118532	       58728	    49477058
 53	      901384	      126004	       60138	    49477616	      518655	      118280	       57089	    49477054
 54	      986293	      124958	       56786	    49477616	      540305	      117439	       53755	    49477054
 55	     1072535	      126958	       55379	    49477616	      554984	      118141	       52234	    49477048
 56	      871267	      123934	       54023	    49477616	      564380	      116171	       50719	    49477045
 57	      883939	      121881	       52054	    49477616	      575643	      114643	       48727	    49477043
 58	     1103736	      122960	       49813	    49477616	      597911	      114278	       46983	    49477039
 59	      928791	      120654	       48271	    49477616	      605128	      112673	       44707	    49477037
 60	     1058955	      120739	       46082	    49477616	      622330	      111540	       42484	    49477036
 61	     1021488	      119725	       44924	    49477616	      630797	      110106	       41298	    49477033
 62	     1099172	      119596	       42745	    49477616	      656519	      109799	       39506	    49477031
 63	     1031825	      117207	       40508	    49477616	      671127	      107074	       36964	    49477028
 64	     1056402	      116080	       38758	    49477616	      682988	      105789	       34862	    49477026
 65	     1172498	      115693	       37608	    49477616	      718381	      105011	       33696	    49477026
 66	     1173608	      115286	       35035	    49477616	      736248	      103498	       31118	    49477024
 67	     1201901	      114714	       32664	    49477616	      753996	      102265	       28579	    49477024
 68	     1366718	      113026	       30593	    49477616	      783819	       99855	       26443	    49477022
 69	     1280573	      110273	       28236	    49477616	      793902	       96525	       24101	    49477019
 70	     1300617	      107687	       25756	    49477616	      811125	       93095	       21780	    49476988
 71	     1346454	      104630	       23047	    49477616	      841001	       89547	       19089	    49476897
 72	     1369465	       99582	       20240	    49477616	      860750	       83709	       15795	    49476717
 73	     1425161	       86304	       16283	    49477616	      891640	       72296	       11593	    49475504
 74	     1425603	       63792	       10300	    49477616	      914247	       52577	        6038	    49459895
 75	     1831730	        9636	           0	    49477616	      931308	       11729	         165	    49223252
 76	           0	           0	           0	           0	       17399	         434	           9	      182629
 77	           0	           0	           0	           0	        1611	          47	           1	       13776
 78	           0	           0	           0	           0	         140	           8	           0	        1444
 79	           0	           0	           0	           0	          25	          11	           0	         390
 80	           0	           0	           0	           0	           5	          28	           0	         189
 81	           0	           0	           0	           0	           3	           9	           0	          75


CONFIGURATION

  GENOME             	Dmelanogaster.fa
  SAM PRE            	beforeEC.bam
  SAM POST           	afterEC.sam
  FA/FQ POST         	
  INDELS             	YES
  PADDING            	5
  BANDWIDTH          	5
  MIN UNCLIPPED BASES	0
  MAX ERROR RATE     	0
  MAX ERROR COUNT    	-1

  NUM THREADS        	8
  CORRECTION LOG     	
  LOG ALL            	NO
  BANDWIDTH          	10

DATASET :  SRR031259  ORGANISM :  S. cerevisae S288C
QUICK STATS
gain	base error rate pre	read error rate pre	base error rate post	read error rate post	sensitivity	specificity	TP	FP	TN	FN
53.30182	0.37399	10.57797	0.17465	3.25482	77.41	99.91	704393	219380	243315669	205544

STATISTICS
total read count     6758461		(excludes unmapped reads)
unmapped pre count   727247
ignored pre count    0

gain                 53.3018

base error rate pre  0.373991
read error rate pre  10.578
base error rate post 0.174653
read error rate post 3.25482

sensitivity          77.4112
specificity          99.9099

true positives       704393
false positives      219380
true negatives       243315669
false negatives      205544


CORRECTION HISTOGRAM

E.g. a value of 2 means 2 errors corrected, a value of -2 means two errors introduced.

diff	count		percentage of reads
-12	          26	 0.00
-11	         138	 0.00
-10	         508	 0.01
 -9	        1127	 0.02
 -8	        2005	 0.03
 -7	        2958	 0.04
 -6	        3819	 0.06
 -5	        4530	 0.07
 -4	        5070	 0.08
 -3	        6997	 0.10
 -2	        9651	 0.14
 -1	       21373	 0.32
  0	     6149747	90.99
  1	      469833	 6.95
  2	       54212	 0.80
  3	       18955	 0.28
  4	        6419	 0.09
  5	        1034	 0.02
  6	          59	 0.00


PRE-CORRECTION DISTRIBUTION

Distribution of errors before correction

error rate	count		percentage of reads
  0	     6043553	89.42
  3	      585207	 8.66
  6	       83473	 1.24
  9	       30424	 0.45
 12	       12749	 0.19
 14	        2814	 0.04
 17	         241	 0.00


PRE/POST-CORRECTION POSITIONAL ERROR DISTRIBUTION

position	pre-mis	pre-del	pre-ins	pre-bases	post-mis	post-del	post-ins	post-bases
  0	       75325	         791	           0	     6758461	       26374	         837	           0	     6758461
  1	       27086	        6883	           0	     6758461	       13995	        6150	           0	     6758461
  2	       25949	        5161	         541	     6758461	       12201	        4658	         506	     6758461
  3	       22443	        3489	         831	     6758461	       10345	        3085	         931	     6758461
  4	       19670	        2744	         824	     6758461	        9018	        2493	        1146	     6758461
  5	       17083	        1696	         867	     6758461	        6903	        1785	         924	     6758461
  6	       13821	           4	         788	     6758461	        5100	         519	         663	     6758461
  7	       13847	           2	           1	     6758461	        5096	         470	         279	     6758461
  8	       13441	           7	           1	     6758461	        5094	         458	         284	     6758461
  9	       13175	           8	          22	     6758461	        5293	         437	         284	     6758461
 10	       13315	          11	          39	     6758461	        5721	         456	         291	     6758461
 11	       13459	          20	          30	     6758461	        5972	         513	         341	     6758461
 12	       13016	          14	          22	     6758461	        6018	         524	         361	     6758461
 13	       12821	          21	          14	     6758461	        6226	         577	         315	     6758461
 14	       12100	          30	          23	     6758461	        6100	         739	         436	     6758461
 15	       12136	          26	          58	     6758461	        7087	        1382	         746	     6758461
 16	       11845	          28	          59	     6758461	        5795	         943	         494	     6758461
 17	           4	          58	          51	     6758461	        5270	         870	         461	     6758461
 18	           2	          48	          61	     6758461	        5324	         847	         469	     6758461
 19	       12071	          73	          77	     6758461	        6088	         868	         514	     6758461
 20	       12116	          82	          43	     6758461	        7240	         963	         723	     6758461
 21	       12037	          89	          52	     6758461	        6656	        1436	         338	     6758461
 22	       12366	         105	          47	     6758461	        6460	         645	         290	     6758461
 23	       12792	         120	          67	     6758461	        6602	         577	         293	     6758461
 24	       13131	         158	          30	     6758461	        6484	         563	         257	     6758461
 25	       17783	         119	          41	     6758461	        7017	         492	         237	     6758461
 26	       17950	         212	          38	     6758461	        6978	         526	         255	     6758461
 27	       17963	         417	          53	     6758461	        6726	         667	         254	     6758461
 28	       18454	        1125	         166	     6758461	        6746	        1113	         350	     6758461
 29	       19901	        2593	         485	     6758461	        7255	        1889	         524	     6758461
 30	       29743	        6875	        1577	     6758461	       11396	        3466	        1037	     6758461
 31	       37320	        8208	        1411	     6758461	       14859	        4083	         990	     6758461
 32	       46748	        8927	        1215	     6758461	       17733	        4423	         706	     6758442
 33	       56590	        8247	        1011	     6758461	       20882	        3996	         429	     6758299
 34	       69057	        5426	         528	     6758461	       25110	        2625	         195	     6756949
 35	       98143	         344	           0	     6758461	       33554	         435	           9	     6735976
 36	           0	           0	           0	           0	        1193	          27	           0	       14976
 37	           0	           0	           0	           0	         133	           2	           0	        1095
 38	           0	           0	           0	           0	           7	           2	           0	          62


CONFIGURATION

  GENOME             	Scerevisae.fa
  SAM PRE            	beforeEC.bam
  SAM POST           	afterEC.sam
  FA/FQ POST         	
  INDELS             	YES
  PADDING            	5
  BANDWIDTH          	5
  MIN UNCLIPPED BASES	0
  MAX ERROR RATE     	0
  MAX ERROR COUNT    	-1

  NUM THREADS        	8
  CORRECTION LOG     	
  LOG ALL            	NO
  BANDWIDTH          	10

DATASET :  ERR022075  ORGANISM :  E. coli K-12 MG1655
QUICK STATS
gain	base error rate pre	read error rate pre	base error rate post	read error rate post	sensitivity	specificity	TP	FP	TN	FN
92.63581	0.82581	46.17187	0.06080	0.96551	93.91	99.99	35399450	479550	4564962135	2296446

STATISTICS
total read count     45197249		(excludes unmapped reads)
unmapped pre count   242951
ignored pre count    0

gain                 92.6358

base error rate pre  0.825806
read error rate pre  46.1719
base error rate post 0.0607972
read error rate post 0.965508

sensitivity          93.908
specificity          99.9895

true positives       35399450
false positives      479550
true negatives       4564962135
false negatives      2296446


CORRECTION HISTOGRAM

E.g. a value of 2 means 2 errors corrected, a value of -2 means two errors introduced.

diff	count		percentage of reads
-11	           7	 0.00
-10	           1	 0.00
 -9	           2	 0.00
 -8	           3	 0.00
 -7	          23	 0.00
 -6	         279	 0.00
 -5	         541	 0.00
 -4	        1350	 0.00
 -3	        2464	 0.01
 -2	        5244	 0.01
 -1	        9279	 0.02
  0	    24399135	53.98
  1	    17059284	37.74
  2	     1825850	 4.04
  3	      590992	 1.31
  4	      336362	 0.74
  5	      242304	 0.54
  6	      311213	 0.69
  7	      130501	 0.29
  8	       84099	 0.19
  9	       32051	 0.07
 10	       10811	 0.02
 11	        5242	 0.01
 12	        2982	 0.01
 13	        2399	 0.01
 14	        2027	 0.00
 15	        1985	 0.00
 16	        1914	 0.00
 17	        1926	 0.00
 18	        2211	 0.00
 19	        2383	 0.01
 20	        3112	 0.01
 21	        3192	 0.01
 22	        2345	 0.01
 23	        2161	 0.00
 24	        2370	 0.01
 25	        3017	 0.01
 26	        2594	 0.01
 27	        2599	 0.01
 28	        2761	 0.01
 29	        3916	 0.01
 30	        2574	 0.01
 31	        2118	 0.00
 32	        2207	 0.00
 33	        2352	 0.01
 34	        2415	 0.01
 35	        2838	 0.01
 36	        3622	 0.01
 37	        3436	 0.01
 38	        2835	 0.01
 39	        3193	 0.01
 40	        3824	 0.01
 41	        6275	 0.01
 42	        3294	 0.01
 43	        3319	 0.01
 44	        2916	 0.01
 45	        3214	 0.01
 46	        4672	 0.01
 47	        2684	 0.01
 48	        2167	 0.00
 49	        1929	 0.00
 50	        2052	 0.00
 51	        1792	 0.00
 52	        1624	 0.00
 53	        1850	 0.00
 54	        1746	 0.00
 55	        1927	 0.00
 56	        1505	 0.00
 57	        1931	 0.00
 58	        1952	 0.00
 59	        1779	 0.00
 60	        1808	 0.00
 61	        1904	 0.00
 62	        1921	 0.00
 63	        2399	 0.01
 64	        1936	 0.00
 65	        1679	 0.00
 66	        2535	 0.01
 67	        2049	 0.00
 68	        2487	 0.01
 69	        2692	 0.01
 70	        2830	 0.01
 71	          36	 0.00


PRE-CORRECTION DISTRIBUTION

Distribution of errors before correction

error rate	count		percentage of reads
  0	    24328835	53.83
  1	    17105391	37.85
  2	     1828540	 4.05
  3	      587391	 1.30
  4	      323479	 0.72
  5	      208413	 0.46
  6	      145769	 0.32
  7	      106774	 0.24
  8	       80822	 0.18
  9	       62945	 0.14
 10	       50310	 0.11
 11	       40512	 0.09
 12	       32727	 0.07
 13	       27517	 0.06
 14	       22960	 0.05
 15	       19149	 0.04
 16	       16033	 0.04
 17	       13350	 0.03
 18	       11726	 0.03
 19	       10211	 0.02
 20	        9755	 0.02
 21	        8716	 0.02
 22	        7057	 0.02
 23	        6058	 0.01
 24	        5769	 0.01
 25	        5940	 0.01
 26	        5004	 0.01
 27	        4641	 0.01
 28	        4420	 0.01
 29	        5340	 0.01
 30	        3713	 0.01
 31	        3084	 0.01
 32	        2996	 0.01
 33	        3064	 0.01
 34	        2990	 0.01
 35	        3296	 0.01
 36	        4027	 0.01
 37	        3728	 0.01
 38	        3124	 0.01
 39	        3420	 0.01
 40	        4011	 0.01
 41	        6417	 0.01
 42	        3417	 0.01
 43	        3446	 0.01
 44	        3028	 0.01
 45	        3311	 0.01
 46	        4766	 0.01
 47	        2792	 0.01
 48	        2261	 0.01
 49	        1984	 0.00
 50	        2617	 0.01
 51	        1704	 0.00
 52	        1718	 0.00
 53	        1791	 0.00
 54	        1750	 0.00
 55	        1903	 0.00
 56	        1510	 0.00
 57	        1975	 0.00
 58	        1844	 0.00
 59	        1841	 0.00
 60	        1721	 0.00
 61	        1898	 0.00
 62	        1908	 0.00
 63	        2388	 0.01
 64	        1941	 0.00
 65	        1717	 0.00
 66	        2507	 0.01
 67	        2082	 0.00
 68	        2457	 0.01
 69	        2691	 0.01
 70	        2857	 0.01


PRE/POST-CORRECTION POSITIONAL ERROR DISTRIBUTION

position	pre-mis	pre-del	pre-ins	pre-bases	post-mis	post-del	post-ins	post-bases
  0	    17010388	         640	           0	    45197249	       68472	         969	           0	    45197249
  1	       57969	        9308	           0	    45197249	        4814	        2252	           0	    45197249
  2	       47461	        2873	        1520	    45197249	        4258	        1983	         179	    45197249
  3	       55075	        3072	         685	    45197249	        5401	        2483	         233	    45197249
  4	       52858	        2355	         536	    45197249	        5385	        2087	         308	    45197249
  5	       37367	        2151	         453	    45197249	        5753	        1922	         257	    45197249
  6	       40105	        1957	         444	    45197249	        5738	        1717	         212	    45197249
  7	       47208	        1902	         465	    45197249	        5745	        1632	         214	    45197249
  8	       48713	        1781	         457	    45197249	        5630	        1556	         175	    45197249
  9	       46614	        1709	         463	    45197249	        5534	        1501	         183	    45197249
 10	       46395	        1620	         478	    45197249	        5427	        1384	         178	    45197249
 11	       43532	        1548	         419	    45197249	        5207	        1360	         137	    45197249
 12	       41755	        1479	         488	    45197249	        5167	        1310	         175	    45197249
 13	       43213	        1411	         468	    45197249	        4917	        1324	         203	    45197249
 14	       41773	        1419	         464	    45197249	        4445	        1602	         271	    45197249
 15	       41375	        1376	         499	    45197249	        3286	        1336	         227	    45197249
 16	       43121	        1413	         484	    45197249	        3929	        1331	         236	    45197249
 17	       43114	        1346	         507	    45197249	        3553	        1230	         205	    45197249
 18	       42416	        1292	         479	    45197249	        3276	        1176	         133	    45197249
 19	       45051	        1238	         470	    45197249	        3355	        1131	         149	    45197249
 20	       45403	        1170	         511	    45197249	        3357	        1075	         160	    45197249
 21	       46402	        1139	         500	    45197249	        3408	        1036	         178	    45197249
 22	       48089	        1112	         488	    45197249	        3869	        1031	         162	    45197249
 23	       47743	        1094	         561	    45197249	        3503	        1098	         170	    45197249
 24	       48420	        1029	         538	    45197249	        3426	         980	         156	    45197249
 25	       51103	        1049	         555	    45197249	        3161	         943	         135	    45197249
 26	       50411	        1088	         542	    45197249	        3154	        1005	         140	    45197249
 27	       47791	        1086	         644	    45197249	        3479	         938	         131	    45197249
 28	       41213	        1048	         628	    45197249	        3046	         915	         161	    45197249
 29	       43287	        1178	         626	    45197249	        2792	         929	         147	    45197249
 30	       47167	        1215	         645	    45197249	        2844	         908	         128	    45197249
 31	       51439	        1202	         673	    45197249	        2902	         824	         158	    45197248
 32	       53341	        1257	         754	    45197249	        2907	         918	         177	    45197247
 33	       56637	        1429	         742	    45197249	        3108	         898	         119	    45197238
 34	       65507	        1452	         818	    45197249	        3107	         884	         128	    45197205
 35	       69902	        1547	         761	    45197249	        3124	         867	         167	    45197161
 36	       75265	        1649	         847	    45197249	        3325	         863	         145	    45197084
 37	       83001	        1738	         867	    45197249	        3539	         914	         151	    45197041
 38	       88690	        1768	         893	    45197249	        4649	         903	         137	    45196977
 39	       89717	        1757	         872	    45197249	        5357	         929	         191	    45196946
 40	       94213	        1841	         911	    45197249	        5517	         932	         150	    45196903
 41	       98285	        1984	         955	    45197249	        5561	         957	         106	    45196861
 42	      104961	        1977	         983	    45197249	        5513	        1033	         148	    45196817
 43	      111498	        2067	        1039	    45197249	        5517	        1029	         191	    45196782
 44	      115221	        2070	        1111	    45197249	        5258	        1056	         200	    45196749
 45	      118210	        2224	        1152	    45197249	        5417	        1114	         215	    45196706
 46	      109978	        2263	        1162	    45197249	        5249	        1169	         208	    45196666
 47	      108023	        2397	        1126	    45197249	        5207	        1188	         257	    45196630
 48	      110537	        2524	        1226	    45197249	        5503	        1298	         245	    45196597
 49	      114608	        2641	        1237	    45197249	        5952	        1373	         259	    45196555
 50	      118541	        2775	        1277	    45197249	        6237	        1440	         300	    45196504
 51	      116367	        2913	        1323	    45197249	        6790	        1586	         314	    45196474
 52	      121070	        3143	        1366	    45197249	        7289	        1697	         310	    45196439
 53	      122896	        3361	        1409	    45197249	        8054	        1787	         360	    45196406
 54	      134698	        3526	        1504	    45197249	        8665	        1905	         387	    45196368
 55	      140290	        3736	        1584	    45197249	        9523	        2093	         399	    45196327
 56	      145229	        3908	        1524	    45197249	       10398	        2236	         394	    45196267
 57	      153839	        4125	        1603	    45197249	       11284	        2353	         489	    45196209
 58	      155846	        4365	        1758	    45197249	       12353	        2489	         522	    45196172
 59	      166653	        4559	        1880	    45197249	       13328	        2716	         643	    45196093
 60	      174186	        4855	        1919	    45197249	       14452	        2850	         610	    45196051
 61	      181602	        5068	        1957	    45197249	       15575	        3074	         656	    45195984
 62	      189673	        5459	        2087	    45197249	       16669	        3180	         749	    45195927
 63	      205000	        5587	        2114	    45197249	       17977	        3339	         749	    45195829
 64	      214031	        5955	        2274	    45197249	       19044	        3504	         795	    45195728
 65	      214280	        6098	        2323	    45197249	       20275	        3700	         899	    45195653
 66	      220851	        6361	        2493	    45197249	       21690	        3914	        1001	    45195594
 67	      230273	        6755	        2519	    45197249	       23174	        3963	        1032	    45195541
 68	      235023	        6853	        2573	    45197249	       24619	        4213	        1110	    45195473
 69	      239660	        7448	        2586	    45197249	       25917	        4397	        1103	    45195425
 70	      249504	        7699	        3015	    45197249	       27540	        4754	        1205	    45195392
 71	      270764	        8213	        3141	    45197249	       29104	        5031	        1369	    45195337
 72	      275533	        8369	        3169	    45197249	       31013	        5172	        1352	    45195278
 73	      283029	        8583	        3204	    45197249	       32778	        5318	        1519	    45195224
 74	      290338	        8859	        3277	    45197249	       34586	        5512	        1522	    45195160
 75	      309198	        9338	        3541	    45197249	       36652	        5895	        1668	    45195089
 76	      309080	        9586	        3720	    45197249	       38533	        6067	        1768	    45195044
 77	      317307	        9802	        3895	    45197249	       41288	        6249	        1807	    45194983
 78	      328440	       10311	        4073	    45197249	       42700	        6662	        1981	    45194943
 79	      335748	       10795	        4141	    45197249	       45353	        6898	        2133	    45194901
 80	      353440	       11220	        4460	    45197249	       47015	        7218	        2182	    45194865
 81	      365587	       11823	        4623	    45197249	       49189	        7610	        2262	    45194813
 82	      373835	       12139	        4690	    45197249	       51881	        7925	        2364	    45194782
 83	      378171	       12801	        5068	    45197249	       53878	        8299	        2588	    45194733
 84	      392737	       13004	        5244	    45197249	       56515	        8481	        2706	    45194704
 85	      406333	       13753	        5533	    45197249	       58959	        9025	        2912	    45194663
 86	      422610	       14252	        5745	    45197249	       59679	        9184	        2886	    45194635
 87	      437824	       15254	        6074	    45197249	       62121	        9594	        3021	    45194612
 88	      450191	       15784	        6219	    45197249	       61996	        9877	        3127	    45194601
 89	      462854	       16579	        6319	    45197249	       63483	       10174	        3006	    45194570
 90	      480942	       17384	        6347	    45197249	       66233	       10602	        3086	    45194547
 91	      493602	       18240	        6593	    45197249	       67810	       11015	        3130	    45194497
 92	      516842	       18834	        6758	    45197249	       70062	       10983	        3069	    45194429
 93	      536994	       20346	        6787	    45197249	       72342	       11249	        3188	    45194349
 94	      546072	       21093	        7059	    45197249	       73489	       11166	        3104	    45194286
 95	      576602	       22834	        6680	    45197249	       75252	       11422	        2880	    45194165
 96	      608538	       24179	        6489	    45197249	       76770	       11005	        2663	    45193889
 97	      625679	       24637	        6104	    45197249	       77934	       10143	        2315	    45193014
 98	      631037	       22706	        5169	    45197249	       76341	        8499	        1780	    45188321
 99	      658728	        9235	        2378	    45197249	       72308	        4934	         907	    45136488
100	      250862	        8205	        2227	    22506637	       42357	        3288	         639	    22564682
101	      319171	         178	           0	    22506637	       38091	         633	          86	    22498557
102	           0	           0	           0	           0	        4153	         161	          20	      635009
103	           0	           0	           0	           0	        1113	          96	          14	      354075
104	           0	           0	           0	           0	         692	         159	           9	      179651
105	           0	           0	           0	           0	         473	         413	           3	       96793
106	           0	           0	           0	           0	         346	          30	           1	       68875
107	           0	           0	           0	           0	         349	           1	           0	       45775


CONFIGURATION

  GENOME             	EcoliK12MG1655.fa
  SAM PRE            	beforeEC.bam
  SAM POST           	afterEC.sam
  FA/FQ POST         	
  INDELS             	YES
  PADDING            	5
  BANDWIDTH          	5
  MIN UNCLIPPED BASES	0
  MAX ERROR RATE     	0
  MAX ERROR COUNT    	-1

  NUM THREADS        	8
  CORRECTION LOG     	
  LOG ALL            	NO
  BANDWIDTH          	10

